ANG MO KIO,2000,0.7438087648209882,0.18435457378784986,0.07183666139116185	
ANG MO KIO,2010,0.7431936236584649,0.1670532081765037,0.08975316816503139	
ANG MO KIO,2015,0.7514479979853941,0.15829046299960428,0.09026153901500161	
ANG MO KIO,2020,0.7598855163063946,0.1480756194923552,0.09203886420125028	
BEDOK,2000,0.8607899100887831,0.05778234039912909,0.08142774951208781	
BEDOK,2010,0.8727800295807883,0.04566957582052816,0.08155039459868355	
BEDOK,2015,0.877599727241732,0.04284577792931015,0.07955449482895784	
BEDOK,2020,0.8857547503835713,0.0376490027145049,0.07659624690192376	
BOON LAY,2000,0.7399631902921,0.17410639590690138,0.08593041380099861	
BOON LAY,2010,0.7447287220365132,0.14629582011942516,0.1089754578440616	
BOON LAY,2015,0.7541371158392435,0.1445774231678487,0.1012854609929078	
BOON LAY,2020,0.7384485227124821,0.1643238318365222,0.0972276454509957	
BUKIT BATOK,2000,0.842315698519304,0.06468716861081654,0.09299713286987943	
BUKIT BATOK,2010,0.8212403836020655,0.07475761407946042,0.10400200231847402	
BUKIT BATOK,2015,0.8110986176334414,0.08882862623189364,0.10007275613466499	
BUKIT BATOK,2020,0.8260988447604074,0.07820083395994258,0.09570032127965002	
BUKIT MERAH,2000,0.7448417397956557,0.18777170514980102,0.06738655505454332	
BUKIT MERAH,2010,0.7335661888976522,0.17304054414668715,0.09339326695566058	
BUKIT MERAH,2015,0.7281198395848077,0.17468742627978298,0.0971927341354093	
BUKIT MERAH,2020,0.7137663726276396,0.18984228815824647,0.09639133921411387	
BUKIT PANJANG,2000,0.7546691359783461,0.16965595840159556,0.07567490562005841	
BUKIT PANJANG,2010,0.7227793029640315,0.16381275882927737,0.11340793820669118	
BUKIT PANJANG,2015,0.7242709086526874,0.16558206796818511,0.1101470233791275	
BUKIT PANJANG,2020,0.7222729049915287,0.16564577088492116,0.11208132412355011	
CENTRAL WATER CATCHMENT,2010,0.48200899550224885,0.24962518740629686,0.2683658170914543	
CENTRAL WATER CATCHMENT,2015,0.502092050209205,0.301255230125523,0.19665271966527198	
CENTRAL WATER CATCHMENT,2020,0.46285714285714286,0.35428571428571426,0.18285714285714286	
CHOA CHU KANG,2000,0.767683796269891,0.17282838076769522,0.059487822962413735	
CHOA CHU KANG,2010,0.7635134061253358,0.16368664473370523,0.07279994914095901	
CHOA CHU KANG,2015,0.7604534746760895,0.16364840989399293,0.07589811542991755	
CHOA CHU KANG,2020,0.7624026696329255,0.16091954022988506,0.07667779013718946	
CLEMENTI,2000,0.8012783544790465,0.12349096501345637,0.07523068050749712	
CLEMENTI,2010,0.7770387259355768,0.1319493254247167,0.09101194863970652	
CLEMENTI,2015,0.7776501766784453,0.1348939929328622,0.08745583038869258	
CLEMENTI,2020,0.8019337275884727,0.11715009856378485,0.08091617384774243	
GEYLANG,2000,0.841789027397188,0.09705964656624375,0.0611513260365683	
GEYLANG,2010,0.8353293837184601,0.08222437274293672,0.08244624353860316	
GEYLANG,2015,0.835779014674088,0.08119048714292286,0.0830304981829891	
GEYLANG,2020,0.8313388518985064,0.08439805650530861,0.08426309159618499	
JURONG EAST,2000,0.7913427887272058,0.1267391170872475,0.08191809418554676	
JURONG EAST,2010,0.8213401107066703,0.08901763983717073,0.08964224945615887	
JURONG EAST,2015,0.8224984066284258,0.09241555130656469,0.08508604206500955	
JURONG EAST,2020,0.8481823114487249,0.07531199131850244,0.07650569723277266	
JURONG WEST,2000,0.9483289799745496,0.006965374053981649,0.044705645971468755	
JURONG WEST,2010,0.9347021569811554,0.011148789891763832,0.054149053127080723	
JURONG WEST,2015,0.9354133255576614,0.011226126257471934,0.0533605481848666	
JURONG WEST,2020,0.9374217772215269,0.008900013906271728,0.053678208872201365	
KALLANG,2020,1.0,0.0,0.0	
LIM CHU KANG,2015,0.8341463414634146,0.04878048780487805,0.11707317073170732	
LIM CHU KANG,2020,0.8088235294117647,0.058823529411764705,0.1323529411764706	
MANDAI,2000,0.7603790251345057,0.11103080917583447,0.12859016568965978	
MANDAI,2010,0.7937465227550907,0.07624346277957049,0.13001001446533883	
MANDAI,2015,0.7935441941074524,0.07603986135181975,0.1304159445407279	
MANDAI,2020,0.8020594965675057,0.07162471395881007,0.12631578947368421	
MARINA SOUTH,2015,0.8461538461538461,0.0,0.15384615384615385	
MARINA SOUTH,2020,0.9230769230769231,0.0,0.07692307692307693	
MUSEUM,2010,0.8391451068616423,0.011923509561304836,0.14893138357705288	
MUSEUM,2015,0.8568904593639576,0.0088339222614841,0.13427561837455831	
MUSEUM,2020,0.8837209302325582,0.00872093023255814,0.10755813953488372	
NEWTON,2015,0.8840579710144928,0.0,0.11594202898550725	
NEWTON,2020,0.875,0.013888888888888888,0.1111111111111111	
NORTH-EASTERN ISLANDS,2000,0.8627861305173691,0.04211068542545314,0.09510318405717781	
NORTH-EASTERN ISLANDS,2010,0.8579444431616136,0.04659754774055003,0.09545800909783637	
NORTH-EASTERN ISLANDS,2015,0.8599247621155123,0.04691303385704802,0.0931622040274397	
NORTH-EASTERN ISLANDS,2020,0.8740343347639485,0.037124463519313304,0.08884120171673819	
NOVENA,2000,0.7356299045298733,0.1993918619035478,0.06497823356657885	
NOVENA,2010,0.7015069657210126,0.21226154002073735,0.08623149425825011	
NOVENA,2015,0.6994413407821229,0.2118435754189944,0.08871508379888268	
NOVENA,2020,0.6991081540203851,0.20795583238958099,0.09293601359003398	
ORCHARD,2000,0.863136051966799,0.04474918801876579,0.09211476001443522	
ORCHARD,2010,0.8567045755091246,0.06802433218725205,0.07527109230362337	
ORCHARD,2015,0.8370473537604457,0.08960074280408542,0.0733519034354689	
ORCHARD,2020,0.8358543417366947,0.09187675070028012,0.07226890756302522	
OUTRAM,2000,0.7858839497794368,0.082153764118474,0.1319622861020893	
OUTRAM,2010,0.7780339945116289,0.07626331660388777,0.14570268888448334	
OUTRAM,2015,0.7713994910941476,0.08111959287531807,0.14748091603053434	
OUTRAM,2020,0.7816465333468683,0.07095726322200792,0.14739620343112375	
PAYA LEBAR,2010,0.8304152799884242,0.008537114744610042,0.1610476052669657	
PAYA LEBAR,2015,0.8239795918367347,0.012755102040816327,0.16326530612244897	
PAYA LEBAR,2020,0.8155452436194895,0.010440835266821345,0.1740139211136891	
PIONEER,2010,0.8155031495653079,0.11869436201780416,0.06580248841688792	
PIONEER,2015,0.7926430772103445,0.13528148632247222,0.07207543646718327	
PIONEER,2020,0.7751600963515657,0.1531637389107573,0.07167616473767699	
PUNGGOL,2015,0.85,0.0,0.15	
PUNGGOL,2020,0.8571428571428571,0.0,0.14285714285714285	
QUEENSTOWN,2000,0.7233839128038424,0.19593264569249633,0.08068344150366129	
QUEENSTOWN,2010,0.7089590925323616,0.18686568081192856,0.10417522665570988	
QUEENSTOWN,2015,0.7152688980819857,0.1828883038736367,0.10184279804437758	
QUEENSTOWN,2020,0.7158120491323845,0.18143887697406902,0.1027490738935465	
RIVER VALLEY,2010,0.7451790633608816,0.0362476439031463,0.21857329273597217	
RIVER VALLEY,2015,0.7430801987224982,0.046132008516678494,0.21078779276082327	
RIVER VALLEY,2020,0.7628053585500394,0.04885736800630418,0.18833727344365642	
ROCHOR,2010,0.9069767441860465,0.013953488372093023,0.07906976744186046	
ROCHOR,2015,0.8820754716981132,0.009433962264150943,0.10849056603773585	
ROCHOR,2020,0.8754716981132076,0.007547169811320755,0.1169811320754717	
SELETAR,2000,0.7321667344921807,0.19562816115342133,0.072205104354398	
SELETAR,2010,0.754944880297054,0.14371577593804633,0.10133934376489966	
SELETAR,2015,0.7607059789300862,0.1410589683951293,0.09823505267478451	
SELETAR,2020,0.7368314629461127,0.1686381558993024,0.09453038115458498	
SEMBAWANG,2000,0.8052416212003117,0.13782800727461678,0.056930371525071445	
SEMBAWANG,2010,0.8100466041593751,0.10491769054592566,0.08503570529469916	
SEMBAWANG,2015,0.7974375527635695,0.11218155633907732,0.09038089089735313	
SEMBAWANG,2020,0.7931814443164994,0.1175357789110051,0.08928277677249548	
SENGKANG,2000,0.8590333573791696,0.05649942372909463,0.0844672188917357	
SENGKANG,2010,0.855519895715594,0.04766226373064262,0.0968178405537634	
SENGKANG,2015,0.8643490115882754,0.04405248807089298,0.09159850034083163	
SENGKANG,2020,0.8670763827919228,0.042844600526777875,0.09007901668129939	
SIMPANG,2015,0.8247422680412371,0.030927835051546393,0.14432989690721648	
SIMPANG,2020,0.8145161290322581,0.024193548387096774,0.16129032258064516	
SOUTHERN ISLANDS,2015,0.868421052631579,0.0,0.13157894736842105	
SOUTHERN ISLANDS,2020,0.8787878787878788,0.0,0.12121212121212122	
STRAITS VIEW,2009,0.8408098815156386,0.07364795670257622,0.0855421617817851	
STRAITS VIEW,2014,0.8401946985690828,0.07676518883415435,0.08304011259676285	
STRAITS VIEW,2019,0.8486609398686206,0.07036382011116725,0.08097524002021222	
SUNGEI KADUT,2000,0.6958022290230624,0.24205112070855858,0.062146650268378956	
SUNGEI KADUT,2010,0.6873614804964538,0.22790020263424518,0.08473831686930092	
SUNGEI KADUT,2015,0.6934476762567183,0.22134840341447992,0.08520392032880177	
SUNGEI KADUT,2020,0.6893034332208772,0.22456836673943242,0.08612820003969042	
TAMPINES,2010,0.8791882320893489,0.01321165894851539,0.10760010896213566	
TAMPINES,2015,0.8698588090853284,0.011663597298956415,0.11847759361571517	
TAMPINES,2020,0.8697277095568606,0.012279765082754938,0.1179925253603844	
TANGLIN,2000,0.8345766138467442,0.09076103742945124,0.07466234872380453	
TANGLIN,2010,0.8413151661701233,0.07940018651327463,0.07928464731660216	
TANGLIN,2015,0.8419102511321531,0.08151502675998354,0.07657472210786331	
TANGLIN,2020,0.8560324433930382,0.07139236228455559,0.07257519432240622	
TENGAH,2000,0.7516191120243452,0.1662288344994408,0.08215205347621402	
TENGAH,2010,0.785809906291834,0.12170716765366552,0.0924829260545005	
TENGAH,2015,0.8007480448826929,0.11288677320639239,0.08636518191091465	
TENGAH,2020,0.8282146473169085,0.09326133423332209,0.07852401844976938	
WESTERN ISLANDS,2015,0.8902439024390244,0.0,0.10975609756097561	
WESTERN ISLANDS,2020,0.8793103448275862,0.0,0.1206896551724138	
WESTERN WATER CATCHMENT,2000,0.6586415648948455,0.24911642229765196,0.09224201280750254	
WESTERN WATER CATCHMENT,2010,0.6263232890490759,0.2598633753824232,0.1138133355685009	
WESTERN WATER CATCHMENT,2015,0.630469550953455,0.2555259380766865,0.11400451096985852	
WESTERN WATER CATCHMENT,2020,0.6237098911690293,0.2629613268543432,0.11332878197662745	
WOODLANDS,2000,0.7179919861463981,0.17030702918610088,0.11170098466750092	
WOODLANDS,2010,0.7163615228131357,0.1736302058882704,0.11000827129859388	
WOODLANDS,2015,0.7242098834546288,0.1727314367143366,0.10305867983103466	
WOODLANDS,2020,0.710699703043801,0.1875,0.10180029695619897	
YISHUN,2010,0.9094311377245509,0.0074850299401197605,0.08308383233532934	
YISHUN,2015,0.8924050632911392,0.012658227848101266,0.0949367088607595	
YISHUN,2020,0.91796875,0.0078125,0.07421875	
