ANG MO KIO,2000,0.2636545852879233,0.30974688854705634,0.2230626782437718,0.19086544369721548,0.012670404224033087	
ANG MO KIO,2010,0.374474167383271,0.3112425531255568,0.14440545084094483,0.1506922010210643,0.019185627629163083	
ANG MO KIO,2015,0.43474747474747477,0.28444444444444444,0.12282828282828283,0.13737373737373737,0.020606060606060607	
ANG MO KIO,2020,0.39904571971744357,0.30700985965370065,0.14090544797122248,0.14558365795016123,0.007455314707472089	
BEDOK,2000,0.40223232237074585,0.2948200860272704,0.21692032120096993,0.05477232017741601,0.03125495022359779	
BEDOK,2010,0.5284225485551871,0.28234249171009,0.12682378019895785,0.03819279962103268,0.024218379914732354	
BEDOK,2015,0.5394088669950738,0.28448275862068967,0.1268472906403941,0.020935960591133004,0.02832512315270936	
BEDOK,2020,0.5427519818799547,0.2892129105322763,0.12238108720271801,0.03638165345413363,0.009272366930917326	
BOON LAY,2000,0.20306147483527268,0.39566977428851813,0.19351955698864434,0.16945885321744006,0.038290340670124774	
BOON LAY,2010,0.31780297749066627,0.3864308841071401,0.11642732103298167,0.13775929110315874,0.0415795262660532	
BOON LAY,2015,0.35481304693715193,0.39697692919649963,0.10898965791567224,0.10023866348448687,0.03898170246618934	
BOON LAY,2020,0.312556127030778,0.39195036329496286,0.12131602579802434,0.1427463466405421,0.031431137235692706	
BUKIT BATOK,2000,0.18096382908971698,0.2909596140936978,0.41462291396724793,0.057417612438921586,0.05603603041041572	
BUKIT BATOK,2010,0.28571319463538325,0.3146289677084288,0.28036690801331987,0.06586625118382061,0.05342467845904744	
BUKIT BATOK,2015,0.3627906976744186,0.2875968992248062,0.25116279069767444,0.06279069767441861,0.03565891472868217	
BUKIT BATOK,2020,0.31376621340961636,0.26917198949802107,0.26568439202163097,0.11603119244484501,0.035346212625886594	
BUKIT MERAH,2000,0.19156008438358724,0.4154101244735756,0.178528892037272,0.1817049532542951,0.032795945851270034	
BUKIT MERAH,2010,0.28484476972421396,0.4175428168072222,0.1099924459139825,0.15190523956359672,0.03571472799098463	
BUKIT MERAH,2015,0.3372379778051788,0.3871763255240444,0.10419235511713934,0.14241676942046855,0.028976572133168926	
BUKIT MERAH,2020,0.26353871400865286,0.4275697448903476,0.1194987319110846,0.14982097568253022,0.03957183350738475	
BUKIT PANJANG,2000,0.1741003885304833,0.38809474818141104,0.2316779433302267,0.17077185635265496,0.03535506360522398	
BUKIT PANJANG,2010,0.2584547279559376,0.3843362330776754,0.1537550831317239,0.14801564832449685,0.05543830751016626	
BUKIT PANJANG,2015,0.2608695652173913,0.38179347826086957,0.12771739130434784,0.15760869565217392,0.07201086956521739	
BUKIT PANJANG,2020,0.18707818305907334,0.41874573443542884,0.15720027299613257,0.19450974444528701,0.04246606506407826	
CENTRAL WATER CATCHMENT,2000,0.24789915966386555,0.15406162464985995,0.21008403361344538,0.24369747899159663,0.14425770308123248	
CENTRAL WATER CATCHMENT,2010,0.3939075630252101,0.1796218487394958,0.07878151260504201,0.2699579831932773,0.07773109243697479	
CHOA CHU KANG,2000,0.17700059543202526,0.4171394546741414,0.21223219602071655,0.16606936221365898,0.02755839165945782	
CHOA CHU KANG,2010,0.2802289430240256,0.429234649839522,0.11932356219255684,0.14810066118611256,0.023112183757782973	
CHOA CHU KANG,2015,0.32156273478587527,0.410969196093163,0.11194590533433509,0.1382419233658903,0.01728024042073629	
CHOA CHU KANG,2020,0.3186392420597909,0.3899170389278877,0.13676304550586618,0.13676304550586618,0.017917628000589072	
CLEMENTI,2000,0.16499210355485364,0.35942874306033273,0.29884411545281026,0.15070099117342145,0.026034046758581935	
CLEMENTI,2010,0.2673843156356551,0.36164637116415005,0.20172430589381393,0.1360837798343887,0.033161227471992204	
CLEMENTI,2015,0.3318777292576419,0.36026200873362446,0.15283842794759825,0.12882096069868995,0.026200873362445413	
CLEMENTI,2020,0.2625976964212258,0.3847182229535171,0.17950431921020157,0.15004113533525298,0.02313862607980255	
GEYLANG,2000,0.2248110663780587,0.38589792000170187,0.26901701333304967,0.09356535428045674,0.026708646006733006	
GEYLANG,2010,0.32066451838099524,0.4091523040110888,0.16595253873743532,0.0736858612787527,0.03054477759172792	
GEYLANG,2015,0.36789129340714644,0.4267740312028183,0.11726220432813286,0.06441872169099144,0.02365374937091092	
GEYLANG,2020,0.3222823933430194,0.42580900805705985,0.1546162990357945,0.0738079513934751,0.02348434817065117	
JURONG EAST,2000,0.2305158235130258,0.26103649157653785,0.3552751099107392,0.11121876778858382,0.0419538072111134	
JURONG EAST,2010,0.384846707677718,0.2903881908136909,0.201906639547797,0.0827167117954605,0.0401417501653336	
JURONG EAST,2015,0.40281329923273657,0.2851662404092072,0.18797953964194372,0.08056265984654731,0.043478260869565216	
JURONG EAST,2020,0.4220456199951468,0.2635889347245814,0.2346517835476826,0.057752972579471006,0.021960689153118176	
JURONG WEST,2000,0.6047423587187569,0.22407095213662684,0.14917906618778862,0.014806127684526863,0.0072014952723008134	
JURONG WEST,2010,0.7185225618631732,0.19103149397909222,0.07936350403599311,0.005028450443297605,0.006053989678443827	
JURONG WEST,2015,0.7356143079315708,0.17573872472783825,0.08087091757387248,0.004665629860031105,0.003110419906687403	
JURONG WEST,2020,0.8254852849092048,0.12035065748278022,0.045522855353788354,0.0067000626174076395,0.0019411396368190356	
LIM CHU KANG,2010,0.48756218905472637,0.28073916133617627,0.1634683724235963,0.030561478322672354,0.037668798862828715	
MANDAI,2000,0.42480641982261014,0.24674081374067294,0.20810924961283964,0.10274531887934675,0.01759819794453048	
MANDAI,2010,0.5529619200505277,0.2358483117976789,0.12852969814995133,0.06934393010342377,0.013316139898418379	
MANDAI,2015,0.5601092896174863,0.24316939890710382,0.13934426229508196,0.040983606557377046,0.01639344262295082	
MANDAI,2020,0.6035179462800095,0.23223199429522226,0.09198954124078916,0.06584264321369146,0.0064178749702876155	
MUSEUM,2000,0.670685420852869,0.16476892163429338,0.11966956910024559,0.03460593882563072,0.010270149586961375	
MUSEUM,2010,0.7720400093044895,0.1581763200744359,0.04745289602233078,0.014887183065829262,0.007443591532914631	
NORTH-EASTERN ISLANDS,2000,0.4000604528467795,0.2730819960430864,0.25326994943943726,0.03355132996262915,0.04003627170806771	
NORTH-EASTERN ISLANDS,2010,0.4918003010016088,0.2658155586693653,0.1722455757953189,0.03710623280917536,0.033032331724531634	
NORTH-EASTERN ISLANDS,2015,0.5604113110539846,0.2467866323907455,0.14138817480719795,0.03598971722365039,0.015424164524421594	
NORTH-EASTERN ISLANDS,2020,0.6093189964157706,0.22352557836428805,0.12218963831867058,0.016835016835016835,0.028130770066253936	
NOVENA,2000,0.3532813856309425,0.31496659062922666,0.13654440115469246,0.17911863859337465,0.01608898399176373	
NOVENA,2010,0.4592640996474584,0.28279968053437887,0.08163314697838767,0.16360512113071468,0.0126979517090604	
NOVENA,2015,0.5064345193035579,0.25889477668433003,0.06888720666161999,0.1506434519303558,0.01514004542013626	
NOVENA,2020,0.5116164112703905,0.2744933267424617,0.0703905091448344,0.12792881858625804,0.015570934256055362	
ORCHARD,2000,0.09554035567715458,0.28908344733242136,0.5474145006839946,0.023529411764705882,0.04443228454172367	
ORCHARD,2010,0.1608099590293098,0.35124487866372517,0.3777970375039395,0.06949259375984872,0.040655531043176804	
ORCHARD,2015,0.3710691823899371,0.29559748427672955,0.24528301886792453,0.07547169811320754,0.012578616352201259	
ORCHARD,2020,0.2700192184497117,0.3219090326713645,0.29724535554131964,0.08520179372197309,0.025624599615631006	
OUTRAM,2000,0.17775346091205213,0.3295119096091205,0.3439790309446254,0.08224755700325732,0.06650804153094463	
OUTRAM,2010,0.2892688591831188,0.36018383533888465,0.21950285389538188,0.07282992760248079,0.05821452398013392	
OUTRAM,2015,0.34782608695652173,0.35403726708074534,0.17515527950310558,0.0546583850931677,0.06832298136645963	
OUTRAM,2020,0.3497857961745007,0.32951185663428467,0.20159295239244554,0.08405237434381223,0.03505702045495686	
PAYA LEBAR,2000,0.5636336381352122,0.1933743067006446,0.22140608604407136,0.019787138360065955,0.001798830760005996	
PAYA LEBAR,2010,0.7124245312996504,0.16348903717826502,0.10438512869399429,0.01572926596758818,0.003972036860502065	
PAYA LEBAR,2020,0.9203675344563553,0.06278713629402756,0.013782542113323124,0.0030627871362940277,0.0	
PIONEER,2010,0.3713188220230474,0.4058134423911174,0.11395646606914213,0.09220861123320656,0.016702658283486535	
PIONEER,2015,0.4182015167930661,0.37161430119176597,0.10292524377031419,0.08450704225352113,0.02275189599133261	
PIONEER,2020,0.3811869791426861,0.38008195589115523,0.11519867397209817,0.106174317417929,0.0173580735761315	
QUEENSTOWN,2000,0.14249037227214378,0.43493192016940413,0.19875360696926808,0.186640773290324,0.037183327298860036	
QUEENSTOWN,2010,0.20726431482595042,0.4513053718179996,0.12134195229504911,0.17369880403554486,0.046389557025456	
QUEENSTOWN,2015,0.24120406567630961,0.44566067240031276,0.11415168100078187,0.13721657544956997,0.0617670054730258	
QUEENSTOWN,2020,0.16832811755196783,0.4879484363018383,0.12615282584816895,0.18333298791734887,0.03423763238067605	
RIVER VALLEY,2000,0.1343890745314543,0.32725555716983873,0.4004794421037338,0.018669184948423654,0.11920674124654947	
RIVER VALLEY,2010,0.23136964916605043,0.36841672828855476,0.2585654424451565,0.02555254292991537,0.1160956371703229	
ROCHOR,2010,0.7729083665338645,0.10258964143426295,0.05677290836653386,0.06772908366533864,0.0	
SELETAR,2000,0.18814662861220122,0.43136817695326435,0.19001962183374954,0.15577060292543704,0.03469496967534784	
SELETAR,2010,0.29752876874445255,0.4369734813684424,0.1133309456702845,0.1184540400815958,0.033712764135224775	
SELETAR,2015,0.33105335157318744,0.4432284541723666,0.10259917920656635,0.09165526675786594,0.03146374829001368	
SELETAR,2020,0.293932768515988,0.4721918556982782,0.0992074337250615,0.11123257720688713,0.02343536485378519	
SEMBAWANG,2000,0.1912128848471568,0.4393338446367919,0.22162813629889339,0.1244220444834009,0.023403089733756984	
SEMBAWANG,2010,0.30763277804834116,0.43773224900428975,0.1328013983308093,0.09334658723222565,0.02848698738433416	
SEMBAWANG,2015,0.3599212210733629,0.4086656819300837,0.10487444608567208,0.08714918759231906,0.03938946331856229	
SEMBAWANG,2020,0.3028640558181409,0.4559137969840198,0.12173643934278641,0.09759734413684447,0.021888363718208417	
SENGKANG,2000,0.36119602167699116,0.33207996321043093,0.22371304136121406,0.05410230746341332,0.028908666287950514	
SENGKANG,2010,0.4671854757129927,0.3138942623387226,0.1421193674907271,0.04284167746286404,0.03395921699469359	
SENGKANG,2015,0.5255281690140845,0.2948943661971831,0.11267605633802817,0.03873239436619718,0.028169014084507043	
SENGKANG,2020,0.5394132029339853,0.26244498777506114,0.1326161369193154,0.03941320293398533,0.026112469437652813	
STRAITS VIEW,2009,0.2957436352380284,0.39023378413739845,0.2091547902452723,0.0660697076262262,0.03879808275307468	
STRAITS VIEW,2014,0.3569230769230769,0.3476923076923077,0.17476923076923076,0.07876923076923077,0.041846153846153845	
STRAITS VIEW,2019,0.30193397271547495,0.4061659228310069,0.1948216377045548,0.07188301205963346,0.025195454689329915	
SUNGEI KADUT,2000,0.2295580669078164,0.33349210272079804,0.18458289334741287,0.23783953807095196,0.014527398953020737	
SUNGEI KADUT,2010,0.32515548239845915,0.3263094036093977,0.11760238929568383,0.21358148295845036,0.017351241738008977	
SUNGEI KADUT,2015,0.39000409668168784,0.3080704629250307,0.09832036050798854,0.1839410077836952,0.019664072101597707	
SUNGEI KADUT,2020,0.34110205990205006,0.3160731425196269,0.12108384810375802,0.21192134471980903,0.009819604754755986	
TAMPINES,2000,0.6762225969645869,0.15196905068941574,0.14889395893264556,0.014482690209304632,0.008431703204047217	
TAMPINES,2010,0.7911616351727773,0.11759391703681397,0.08085522848754047,0.008431830158849657,0.0019573891440186706	
TAMPINES,2015,0.8231292517006803,0.07482993197278912,0.07482993197278912,0.027210884353741496,0.0	
TAMPINES,2020,0.9024078414660132,0.06967824419347965,0.026422331131472406,0.0,0.0014915832090347326	
TANGLIN,2000,0.22848626866549665,0.33641524418342433,0.31672761856205817,0.08603531614914749,0.03233555243987332	
TANGLIN,2010,0.3393218599878737,0.3520358192248496,0.20852572174805278,0.06534210158108297,0.03477449745814094	
TANGLIN,2015,0.38268156424581007,0.351024208566108,0.16759776536312848,0.0595903165735568,0.03910614525139665	
TANGLIN,2020,0.3688975961029334,0.3474001906173885,0.19570051890289103,0.07227575982209043,0.0157259345546966	
TENGAH,2000,0.2472375690607735,0.3211389325358609,0.2429165188301485,0.15075523341274266,0.03795174616047443	
TENGAH,2010,0.3613262564707424,0.3182491317738025,0.17673809055763057,0.10468514514120962,0.0390013760566149	
TENGAH,2015,0.40054869684499317,0.32373113854595337,0.15912208504801098,0.09053497942386832,0.02606310013717421	
TENGAH,2020,0.37168610816542946,0.31601272534464475,0.16735153764581123,0.12221633085896076,0.022733297985153764	
WESTERN WATER CATCHMENT,2000,0.15829984686416967,0.400467467271534,0.16124166676261645,0.24372200665507593,0.03626901244660395	
WESTERN WATER CATCHMENT,2010,0.22958659197637926,0.40875723996141705,0.08939739067035589,0.23130742721546216,0.04095135017638561	
WESTERN WATER CATCHMENT,2015,0.2632524707996406,0.4222821203953279,0.08715184186882301,0.18553459119496854,0.04177897574123989	
WESTERN WATER CATCHMENT,2020,0.20072890384076256,0.4856462012895991,0.10283151107373142,0.18687973086627419,0.023913652929632746	
WOODLANDS,2000,0.17689122135031277,0.3887030381415478,0.22194724602355398,0.16584795612540573,0.046610538359179714	
WOODLANDS,2010,0.24817878675193095,0.4127372149305958,0.14619694097135438,0.1508665622199599,0.042020495126159026	
WOODLANDS,2015,0.2841348811498065,0.4173576561636263,0.11663902708678828,0.13930348258706468,0.04256495301271421	
WOODLANDS,2020,0.22493103034664746,0.4626664267722202,0.1286134100995562,0.16051937147655032,0.02326976130502579	
YISHUN,2000,0.12607899555323046,0.35731101229400997,0.46220245880198796,0.027726916034527857,0.02668061731624379	
YISHUN,2010,0.262993762993763,0.455994455994456,0.253984753984754,0.002772002772002772,0.024255024255024255	
YISHUN,2020,0.725314183123878,0.22800718132854578,0.0466786355475763,0.0,0.0	
