ANG MO KIO,2000,0.14443273789569466,0.3945835927398113,0.07129447823380106,0.203596571045448,0.023753651645036157,0.0031080886930702554,0.05334035726258321,0.103117666778411,0.0027728557061443416	
ANG MO KIO,2010,0.15978803421571444,0.30333453431084806,0.10093069010327058,0.18607729707190887,0.03897644329834306,0.0044328215010059875,0.08157201209613757,0.12149169503807368,0.0033964723646977384	
ANG MO KIO,2015,0.15805084745762712,0.2995762711864407,0.09194915254237288,0.18093220338983051,0.041101694915254235,0.004661016949152543,0.0847457627118644,0.13516949152542374,0.0038135593220338985	
ANG MO KIO,2020,0.19768109142849963,0.29290881444961525,0.07912605295455592,0.17031579211922943,0.04323239769952206,0.004431729170244583,0.08743659234374804,0.12272706328827603,0.0021404665463090567	
BEDOK,2000,0.18167708557878853,0.3948695839620608,0.06857799813178128,0.06461162606883668,0.046662355392685206,0.0045699504203492135,0.08898469497736582,0.14728749011999712,0.002759215348135374	
BEDOK,2010,0.2156837645131146,0.295459491288931,0.08173427719248838,0.05564587360309272,0.04654437460796989,0.0017153317374774383,0.1275745977291056,0.17203241208924847,0.0036098772385719223	
BEDOK,2015,0.22178477690288714,0.2782152230971129,0.10236220472440945,0.03674540682414698,0.05643044619422572,0.0013123359580052493,0.12467191601049869,0.1784776902887139,0.0	
BEDOK,2020,0.2506087160323433,0.28580357026601216,0.06906160076040677,0.04403588494941472,0.04188747542349709,0.0019010169138422676,0.11206885327013971,0.19217197692738375,0.002460905456960196	
BOON LAY,2000,0.14756898006213864,0.41377749429024097,0.07210756980309047,0.17554165552149134,0.0518302092549536,0.0037550667681734945,0.03658360939075328,0.09587251291125697,0.0029629019979012777	
BOON LAY,2010,0.17886906241198203,0.31276405387941747,0.10660735291681164,0.1549778816044535,0.06358831618536376,0.0030733800553374093,0.060365823351061186,0.1173517570455788,0.002402372549994201	
BOON LAY,2015,0.1725,0.3383333333333333,0.1025,0.12666666666666668,0.05583333333333333,0.0016666666666666668,0.065,0.135,0.0025	
BOON LAY,2020,0.1892824039145524,0.2988438849489484,0.08869536476184317,0.16568587297823573,0.06630596451897998,0.002708858758523564,0.05838057669231819,0.12736665876283473,0.002730414663763805	
BUKIT BATOK,2000,0.1651308364929487,0.47317100893893754,0.1102306586884687,0.07579829340174882,0.048575534428305825,0.00452224179785498,0.03214282814669275,0.0889834292719759,0.001445168833066762	
BUKIT BATOK,2010,0.18488458284353732,0.3711093973449936,0.12577961799654086,0.08700274784926512,0.04736483501673418,0.005196205422322719,0.058491003975771005,0.11615840190477617,0.004013207646059045	
BUKIT BATOK,2015,0.1986404833836858,0.3814199395770393,0.09969788519637462,0.08534743202416918,0.03851963746223565,0.006797583081570997,0.06268882175226587,0.12311178247734139,0.0037764350453172208	
BUKIT BATOK,2020,0.23279542714935644,0.3283742271649104,0.09186919158533266,0.0952521678267294,0.04905704397869114,0.0051016837111638215,0.06351440681261422,0.12968075592020842,0.004355095850993506	
BUKIT MERAH,2000,0.13850057403066,0.4456118009126605,0.07594570345286678,0.18637183680163621,0.04109866574049955,0.0025180168446644093,0.02801655523718561,0.07943812528339748,0.002498721696429433	
BUKIT MERAH,2010,0.1649956099357068,0.34572464383833235,0.10534738153907157,0.1812459285694055,0.05709915880703543,0.0015011187583198798,0.04793666978219616,0.09386240688815249,0.002287081881779817	
BUKIT MERAH,2015,0.18821165438714,0.31949095780308107,0.11118553248492967,0.17481580709979908,0.05760214333556597,0.0,0.05961152042866711,0.08774279973208306,0.0013395847287340924	
BUKIT MERAH,2020,0.17765626675243915,0.3077207152472511,0.1029508118604291,0.2074324243832124,0.05934384046317144,0.001900098876618658,0.05125501828621803,0.08983476883123072,0.0019060552994293748	
BUKIT PANJANG,2000,0.148263753413968,0.41449751964773424,0.10703138063653085,0.17584025416643442,0.04006186946101109,0.0036369210188952677,0.028259294353714954,0.08148932612451926,9.196811771919068E-4	
BUKIT PANJANG,2010,0.16428162564396107,0.3304167688827105,0.1274293346416987,0.1736718728704991,0.06579987461498624,0.0046065363752827975,0.0425355030392237,0.08842369231607927,0.0028347916155586446	
BUKIT PANJANG,2015,0.1867043847241867,0.24752475247524752,0.16265912305516267,0.19519094766619519,0.06647807637906648,0.007072135785007072,0.05374823196605375,0.08062234794908062,0.0	
BUKIT PANJANG,2020,0.1822252492464642,0.3152677950382564,0.1064079527011361,0.18465974959424994,0.07002086714583816,0.0026518664502666357,0.041719800602828656,0.09494551356364479,0.002101205657315094	
CENTRAL WATER CATCHMENT,2000,0.14627285513361463,0.21659634317862167,0.07454289732770746,0.24472573839662448,0.10689170182841069,0.052039381153305204,0.07454289732770746,0.08438818565400844,0.0	
CENTRAL WATER CATCHMENT,2010,0.0905982905982906,0.2153846153846154,0.07578347578347579,0.3772079772079772,0.12877492877492877,0.017663817663817662,0.05299145299145299,0.041595441595441596,0.0	
CHOA CHU KANG,2000,0.12796474468638372,0.46159004749065924,0.09132713810612178,0.1680922988490016,0.03198434313712072,0.0031751679964963663,0.03652811802865863,0.07717574281139228,0.002162398894165629	
CHOA CHU KANG,2010,0.15684977461940447,0.3394600315627333,0.1404447132421731,0.16751873446669377,0.03981251358426021,0.003212972850379414,0.05272110450666692,0.09719242872397728,0.0027877264437115505	
CHOA CHU KANG,2015,0.17573221757322174,0.3489539748953975,0.13389121338912133,0.16317991631799164,0.03096234309623431,0.0016736401673640166,0.038493723849372385,0.10627615062761506,8.368200836820083E-4	
CHOA CHU KANG,2020,0.19096343412814706,0.31381543892367125,0.11255328360197149,0.16921706407353138,0.04361762355135207,0.0030388304249367257,0.058920007992540296,0.10585953110430266,0.0020147861995470895	
CLEMENTI,2000,0.1438617427067573,0.4615999318089799,0.09835489164020714,0.16419119057259146,0.02378161825814563,0.0026210923349031475,0.0303130394016238,0.07410446011890809,0.0011720331578835212	
CLEMENTI,2010,0.16976129906332543,0.3628176262463815,0.12117313371736016,0.15631061337076133,0.03536165774827724,0.004629765002875328,0.049406902735947444,0.09671822762848817,0.0038207744865834284	
CLEMENTI,2015,0.19609967497291442,0.3488624052004334,0.09642470205850487,0.1560130010834236,0.035752979414951244,0.005417118093174431,0.04333694474539545,0.11700975081256772,0.0010834236186348862	
CLEMENTI,2020,0.2138501291989664,0.33499741602067185,0.09330232558139535,0.15842894056847545,0.029891472868217053,0.001994832041343669,0.052020671834625325,0.11365374677002583,0.0018604651162790699	
GEYLANG,2000,0.13176951244964172,0.48763257587735664,0.09452494039224119,0.0983385720700494,0.03461360890985789,0.0031875130441382017,0.06507206688717848,0.08044043334998767,0.004420777019548815	
GEYLANG,2010,0.16074272018512906,0.36794953029009064,0.1392710542990165,0.08832750213504505,0.046392462602275544,0.0028926416705694373,0.08647621146588061,0.10465853053803136,0.003289346813961817	
GEYLANG,2015,0.18959913326110509,0.3873239436619718,0.10725893824485373,0.0866738894907909,0.03737811484290358,5.417118093174431E-4,0.090465872156013,0.10021668472372698,5.417118093174431E-4	
GEYLANG,2020,0.20626930440331845,0.33710274409700064,0.09967070835992342,0.10360689215060626,0.04446713465220166,0.004936821952776005,0.08726483726866624,0.1132610082961072,0.0034205488194001274	
JURONG EAST,2000,0.17234534811686916,0.41312565584029737,0.0720887012149639,0.12571905381999318,0.03523521751773139,0.003969809221588683,0.054123418081596014,0.12114239478109157,0.0022504014058687435	
JURONG EAST,2010,0.2010070095764636,0.3013130615065653,0.09474034949155889,0.1032678448020535,0.04554990620989239,0.0036158554645078487,0.08131355513871064,0.16520633823674596,0.003986079573501827	
JURONG EAST,2015,0.20195838433292534,0.31334149326805383,0.0832313341493268,0.1003671970624235,0.046511627906976744,0.0012239902080783353,0.07711138310893513,0.17258261933904528,0.0036719706242350062	
JURONG EAST,2020,0.23588159844588621,0.2863778439161675,0.07292380110332117,0.08449248471414518,0.043535110767966324,0.00582792672751952,0.08470418290723883,0.1837415787704071,0.002515472647348169	
JURONG WEST,2000,0.25507852049718877,0.2709764977057797,0.03177441244264449,0.020723379504965424,0.022554447340643245,0.0030158764352340535,0.10686973567997243,0.2833846750393141,0.005622455354257771	
JURONG WEST,2010,0.25011600099939324,0.2021094335581968,0.05257522218652961,0.018060463290145268,0.02871470892672306,0.0037655709033800906,0.13523931898490202,0.30517185994217794,0.00424742120855195	
JURONG WEST,2015,0.25380710659898476,0.17428087986463622,0.05752961082910321,0.011844331641285956,0.02707275803722504,0.0,0.13874788494077833,0.3350253807106599,0.001692047377326565	
JURONG WEST,2020,0.2816415990343535,0.17634166097549353,0.04788526594984356,0.01168940488858536,0.03276527484395597,0.003605291996887061,0.12626463160904022,0.3148515794990709,0.0049552912027698804	
LIM CHU KANG,2010,0.21368178324365872,0.2644119907763259,0.17371252882398155,0.043812451960030745,0.08993082244427364,0.0,0.12759415833973867,0.08224442736356649,0.004611837048424289	
MANDAI,2000,0.19337372318318846,0.3071384669417859,0.04922878801182427,0.1122135393801036,0.06506277987531829,0.01267304709222349,0.09242836655252144,0.1627301197061492,0.005151169256885298	
MANDAI,2010,0.20193933629253857,0.26498097653772984,0.05490382582963433,0.09279222151764954,0.07493130416402452,0.007450856055802156,0.12188226590572818,0.17358909321496513,0.007530120481927711	
MANDAI,2015,0.25139664804469275,0.23184357541899442,0.04748603351955307,0.0893854748603352,0.04748603351955307,0.013966480446927373,0.13128491620111732,0.18156424581005587,0.00558659217877095	
MANDAI,2020,0.2367674981142872,0.2219158842042292,0.05428251879210341,0.08434988425624886,0.07069472260514474,0.005436054828725258,0.11511951517673681,0.2026425989023851,0.008791323120139413	
MUSEUM,2000,0.23874617016262079,0.222012726844214,0.021447089323591798,0.036295074239924584,0.07117605467829366,0.00447796370492576,0.111006363422107,0.2858826302144709,0.00895592740985152	
MUSEUM,2010,0.2378527477190749,0.21133036282622533,0.01994483343942287,0.03500954805856143,0.08317419902397624,0.0046679397411415234,0.14958625079567156,0.23933800127307447,0.019096117122851686	
NORTH-EASTERN ISLANDS,2000,0.1848232597418265,0.38925081433224756,0.06786102062975027,0.04264688140909639,0.052569670647846546,0.006967064784654361,0.07353118590903607,0.17942453854505971,0.0029255640004825674	
NORTH-EASTERN ISLANDS,2010,0.19578731999055687,0.30986543556383284,0.09012931825931852,0.055268473100228206,0.047582824016997614,0.0051150224274060276,0.11371088319387247,0.17831755108464706,0.004223172363140361	
NORTH-EASTERN ISLANDS,2015,0.23655913978494625,0.30913978494623656,0.06451612903225806,0.06989247311827956,0.03494623655913978,0.005376344086021506,0.09946236559139784,0.18010752688172044,0.0	
NORTH-EASTERN ISLANDS,2020,0.2572089667355012,0.2630806359316299,0.057920533426218494,0.05259622322294927,0.045331276590451074,0.0051003906152812676,0.1143980295076257,0.20083099047097752,0.003532953499365561	
NOVENA,2000,0.16505894962486603,0.35894196907058645,0.05181697545041596,0.20198540295003317,0.028926147093349664,0.004631756239473281,0.05744398509671821,0.1293319042515184,0.0018629102230388404	
NOVENA,2010,0.15535459038294452,0.2796644213791235,0.07506609740375003,0.22606713440895373,0.03550107904595521,0.004661852222087277,0.08574444828520446,0.13458645914106074,0.0033539177309205056	
NOVENA,2015,0.18075313807531382,0.27531380753138074,0.06108786610878661,0.21673640167364017,0.0401673640167364,0.002510460251046025,0.07280334728033473,0.14811715481171547,0.002510460251046025	
NOVENA,2020,0.18571812492801473,0.2543018389833762,0.0673935577993627,0.23199600721772182,0.03505969977348639,0.003770107881905786,0.07665374131377894,0.1411525319614543,0.003954390140899144	
ORCHARD,2000,0.15717234262125904,0.531733746130031,0.14024767801857585,0.0478844169246646,0.03343653250773994,0.002889576883384933,0.015273477812177503,0.06816305469556244,0.003199174406604747	
ORCHARD,2010,0.20874527237741358,0.3951960719262159,0.1575874195474753,0.07053281135956473,0.036759339128126865,0.00570632340256121,0.035034171587817665,0.08732001857872736,0.0031185720920974057	
ORCHARD,2015,0.23699421965317918,0.34104046242774566,0.09826589595375723,0.10982658959537572,0.03468208092485549,0.011560693641618497,0.046242774566473986,0.12138728323699421,0.0	
ORCHARD,2020,0.26469271599411653,0.328579650828164,0.10443179638037987,0.0940078020080578,0.03779497346038243,0.002621986314510456,0.043550553175161474,0.12029161603888214,0.0040289058003453344	
OUTRAM,2000,0.14488245261039923,0.47228105474954996,0.09070210738112888,0.1077385364820502,0.06017685057714709,0.008167425606269194,0.033027110028592606,0.0808138303505242,0.0022106322143386637	
OUTRAM,2010,0.18108513933718773,0.35099729247212663,0.12303290414878398,0.10147909055439293,0.0669669776185578,0.007696946050438052,0.05830052377067593,0.10653944832641672,0.0039016777214202106	
OUTRAM,2015,0.21226415094339623,0.3408018867924528,0.09551886792452831,0.08962264150943396,0.06485849056603774,0.012971698113207548,0.06485849056603774,0.11438679245283019,0.0047169811320754715	
OUTRAM,2020,0.20909276156406367,0.32021645119659475,0.1016482894468721,0.09725586976702062,0.08157674281703535,0.007143342314397627,0.0691126859419929,0.11022935675957163,0.0037245001924513777	
PAYA LEBAR,2000,0.2165673238575577,0.2880941464160171,0.03943145346171481,0.008405930001528351,0.04569769219012685,0.0030567018187375823,0.12715879565948343,0.2668500687757909,0.004737887819043252	
PAYA LEBAR,2010,0.2342786683107275,0.20499383477188657,0.03529593094944513,0.014642416769420468,0.09340320591861899,0.0012330456226880395,0.16384093711467324,0.24106041923551172,0.01125154130702836	
PAYA LEBAR,2020,0.30459565372283576,0.1540197126232039,0.020781379883624274,0.01828761429758936,0.1024818905118157,0.003206270039187745,0.1255195344970906,0.2614891343070894,0.009618810117563235	
PIONEER,2010,0.18089465964972823,0.3702225864895177,0.0979855059960314,0.12231472694331809,0.0438918126132344,0.0018117504960745406,0.07540333016995945,0.10508152877232335,0.002394098869812786	
PIONEER,2015,0.2147165259348613,0.34499396863691195,0.09408926417370325,0.10253317249698432,0.04945717732207479,0.007237635705669481,0.06634499396863691,0.1158021712907117,0.0048250904704463205	
PIONEER,2020,0.2107028600560042,0.33796094483069444,0.07794779344942998,0.15486120859716138,0.03676476020894442,0.002068756603397194,0.06726414327617161,0.10979925672530606,0.002630276252890718	
QUEENSTOWN,2000,0.130925522451558,0.4402709915299032,0.10371034073768484,0.1930266737143373,0.04064872948547707,0.004918328670697591,0.024359585906377712,0.060148001082934756,0.0019918264210295614	
QUEENSTOWN,2010,0.15592987280852527,0.3667743783659906,0.1168236507390856,0.19427523776784691,0.05837515755700699,0.003391772659562278,0.03613612925403919,0.06522287154806922,0.0030709292998739542	
QUEENSTOWN,2015,0.17191489361702128,0.37361702127659574,0.11148936170212766,0.17361702127659576,0.0651063829787234,0.0029787234042553193,0.03148936170212766,0.06765957446808511,0.002127659574468085	
QUEENSTOWN,2020,0.18192931713388463,0.34820989595560065,0.10711833777002157,0.2053116238278949,0.05378506349410238,0.0029499178363725756,0.03441127878495276,0.06353839543958648,0.0027461697575840794	
RIVER VALLEY,2000,0.14901960784313725,0.5016648168701443,0.08205697373288938,0.07976322604513504,0.07658157602663707,0.016870144284128745,0.03300036995930448,0.056381798002219756,0.004661487236403996	
RIVER VALLEY,2010,0.17076205287713841,0.40435458786936235,0.10069984447900467,0.08545878693623639,0.0911353032659409,0.015085536547433904,0.042457231726283046,0.08701399688958009,0.003032659409020218	
ROCHOR,2010,0.29978118161925604,0.20860685630926332,0.0087527352297593,0.03355215171407731,0.03938730853391685,0.0,0.14660831509846828,0.2574762946754194,0.005835156819839533	
SELETAR,2000,0.1358981162111966,0.44032899973467765,0.09838153356327939,0.1603077739453436,0.04590076943486336,0.007482090740249403,0.0345449721411515,0.07535155213584505,0.0018041920933934731	
SELETAR,2010,0.169966013804702,0.35815143127430715,0.0977716267825234,0.14663116218772992,0.0539399460425353,0.0038541046214218143,0.07284257734487229,0.09402263410532216,0.002820503836585964	
SELETAR,2015,0.2,0.34,0.0876923076923077,0.13538461538461538,0.038461538461538464,0.006153846153846154,0.04923076923076923,0.14,0.003076923076923077	
SELETAR,2020,0.19483354557031107,0.33592186647262146,0.08427323994906312,0.1765963252683282,0.05355193742041113,0.0024899945424777152,0.05474577042022922,0.09492677824267783,0.0026605421138802985	
SEMBAWANG,2000,0.1326340945300053,0.5041954328199681,0.08189060010621349,0.13465215082315454,0.03321826872012745,0.002947424322889007,0.03927243759957515,0.06834838024429102,0.0028412108337758897	
SEMBAWANG,2010,0.17242084687592335,0.3886022531839292,0.11736406270124478,0.11064390753915039,0.05173079982726095,0.001409186990022047,0.06790614511595487,0.08740747475206642,0.002515323014447955	
SEMBAWANG,2015,0.19291338582677164,0.3982002249718785,0.09448818897637795,0.10798650168728909,0.05568053993250844,0.0011248593925759281,0.06524184476940383,0.08211473565804274,0.0022497187851518562	
SEMBAWANG,2020,0.21085641608170952,0.3506296177632793,0.08539403295177624,0.1289187273662851,0.05201506810745735,0.003101971863804503,0.06855891804774804,0.09834076058990864,0.00218448722803134	
SENGKANG,2000,0.16879955783252906,0.424608320401352,0.07551922790756999,0.06038349524882549,0.047416083841755066,0.00363512680427712,0.08707297889075487,0.1302480814608533,0.0023171276120830765	
SENGKANG,2010,0.1881648682655279,0.3143230258893507,0.1022419643878446,0.057135776108590386,0.06284554085484424,0.004584969687726389,0.11285126015175201,0.15326762496663743,0.004584969687726389	
SENGKANG,2015,0.19817351598173516,0.2876712328767123,0.11050228310502283,0.06757990867579909,0.0547945205479452,0.0036529680365296802,0.10410958904109589,0.16986301369863013,0.0036529680365296802	
SENGKANG,2020,0.21928193807006333,0.29199829586165493,0.09065822343577529,0.051472724103874976,0.060351672185751076,0.0032920854392997543,0.11190185712349193,0.1684676310540483,0.0025755727260403957	
STRAITS VIEW,2009,0.16856646689385926,0.3661326334756551,0.15140297961795082,0.07605729431887918,0.05075926723856529,0.002128298536305117,0.07860341833470433,0.10244558475981563,0.0039040568242652146	
STRAITS VIEW,2014,0.17122851686823679,0.3577339274347549,0.14385741565881605,0.08847867600254615,0.03819223424570337,0.001273074474856779,0.07447485677912158,0.12285168682367918,0.0019096117122851686	
STRAITS VIEW,2019,0.209873620443547,0.34497789228144693,0.12031473035546426,0.07625944365142917,0.046380949065209065,0.002381366848866762,0.08455244925669324,0.11376945305156147,0.0014900950457821258	
SUNGEI KADUT,2000,0.12943989629121253,0.3937447914113437,0.06919729180624322,0.24650990516964338,0.024020785332614345,0.003148302476700928,0.04210990734839943,0.08955776699293538,0.0022713531709070704	
SUNGEI KADUT,2010,0.1452290634561722,0.29967452420639157,0.09376581529132637,0.24846664221342113,0.039136026595226046,0.002163647928980346,0.06379975577707926,0.10365545067486315,0.004109073856539928	
SUNGEI KADUT,2015,0.15962036238136323,0.3067299396031061,0.08498705780845557,0.2351164797238999,0.03710094909404659,0.0056082830025884385,0.058671268334771355,0.11087144089732529,0.0012942191544434857	
SUNGEI KADUT,2020,0.16229040188208757,0.28621212254716233,0.07969354398146108,0.2607123031782256,0.03679146364028866,0.0030971618894890343,0.0598902115586258,0.10916284110634324,0.0021499502163167122	
TAMPINES,2000,0.2470144563167819,0.2084642782317201,0.027341294783155248,0.014875340456735806,0.04378797402053216,0.0043997485857950975,0.1493819400796145,0.29803058872826316,0.006704378797402053	
TAMPINES,2010,0.23830168934070864,0.1711765585289281,0.025265361040514276,0.01958439228584243,0.05673493795784123,0.004260726566003887,0.17184930482882343,0.30236208700852146,0.010464942442816564	
TAMPINES,2015,0.2222222222222222,0.19444444444444445,0.034722222222222224,0.020833333333333332,0.10416666666666667,0.0,0.1597222222222222,0.2569444444444444,0.006944444444444444	
TAMPINES,2020,0.278049946230135,0.1523479507707014,0.032202174692316884,0.025271836539610466,0.06583821245071096,0.005496475086629227,0.16011470904528619,0.2728521926156052,0.00782650256900466	
TANGLIN,2000,0.15040506487285754,0.4623883208030489,0.08858321011308495,0.08928087968844367,0.038142741112522645,0.00451923277172668,0.059260261990545016,0.10559801736884854,0.0018222712789220485	
TANGLIN,2010,0.18999509007818105,0.3629282018355554,0.10336329644597197,0.07921970011708275,0.04179098840503078,0.0028987423046417647,0.08913396532839823,0.12649658193904142,0.004173433546096612	
TANGLIN,2015,0.20111214087117701,0.3447636700648749,0.09731232622798888,0.07599629286376275,0.05004633920296571,9.267840593141798E-4,0.0917516218721038,0.13623725671918444,0.0018535681186283596	
TANGLIN,2020,0.22409581066895695,0.33323790438018897,0.08847218246015841,0.08131501097432961,0.03632980246206699,0.002338009352037408,0.09475140757705888,0.1359862582307472,0.0034736138944555777	
TENGAH,2000,0.17922074439558083,0.36765257964174625,0.0774160677893382,0.15810361471629303,0.040839858414673386,0.002614501769816583,0.042059959240587794,0.12970610318566986,0.0023865708462941114	
TENGAH,2010,0.19357677656639957,0.3092210692236963,0.09529751740443977,0.12204124523840798,0.04967818205700775,0.0031656377249441744,0.06806777879942204,0.15497175883357414,0.003980034152108236	
TENGAH,2015,0.22420907840440166,0.32324621733149933,0.07290233837689133,0.11279229711141678,0.02888583218707015,0.001375515818431912,0.05639614855570839,0.17744154057771663,0.002751031636863824	
TENGAH,2020,0.23224464060529634,0.29118537200504413,0.08069356872635561,0.11390920554854982,0.042849936948297605,0.004489281210592686,0.07071878940731399,0.16008827238335435,0.0038209331651954605	
WESTERN WATER CATCHMENT,2000,0.12302191801784883,0.388785709814069,0.08786683639044816,0.2471428670798467,0.046284509922580916,0.003742270264254363,0.031517149753413604,0.0705953548548653,0.0010433839026731495	
WESTERN WATER CATCHMENT,2010,0.13534945191634923,0.32638316618725544,0.09283992847702713,0.2629453989478867,0.06393013553085077,0.002612143356915183,0.04557775531887325,0.06793127575215735,0.002430744512684962	
WESTERN WATER CATCHMENT,2015,0.14271555996035679,0.3399405351833499,0.09415262636273539,0.2284440039643211,0.06342913776015857,0.003468780971258672,0.03468780971258672,0.09167492566897918,0.0014866204162537165	
WESTERN WATER CATCHMENT,2020,0.15004233621467716,0.3105151991663022,0.07438147255589776,0.28083797791073106,0.0629693039181934,0.003177542266429708,0.04590920510267695,0.06931973611976962,0.002847226745322081	
WOODLANDS,2000,0.1156723561551036,0.4358938485781188,0.09261741012915482,0.1735932138491672,0.06666126680706301,0.0034313653299559667,0.03527826458330265,0.07422352473381147,0.0026287498343224892	
WOODLANDS,2010,0.15151117554828086,0.3368999744146532,0.13196134644527688,0.17478072045712487,0.0648030912347226,0.002925914020114019,0.057685116544534905,0.07615248866700343,0.0032801726682892586	
WOODLANDS,2015,0.1567034242600116,0.3522925130586187,0.11491584445734185,0.17933836331979106,0.07196749854904237,5.803830528148578E-4,0.047011027278003485,0.0742890307603018,0.002901915264074289	
WOODLANDS,2020,0.17006633059166887,0.3301459273016715,0.09382329530379412,0.2017617405147254,0.06084372512602813,0.004070045104802335,0.054996020164499865,0.08260546564075351,0.0016874502520562483	
YISHUN,2000,0.17096018735362997,0.5696070778037992,0.09523809523809523,0.045016913869372885,0.0273224043715847,0.0,0.04137392661982826,0.050481394743689824,0.0	
YISHUN,2010,0.20944929280770389,0.4074631357207343,0.11886849232621126,0.03611194703581101,0.024375564249172435,0.009930785434848028,0.06861269936804093,0.11104423713511886,0.014143845922359314	
YISHUN,2020,0.37169117647058825,0.2261029411764706,0.04007352941176471,0.03419117647058824,0.028308823529411765,0.0,0.1275735294117647,0.17058823529411765,0.0014705882352941176	
